=== 全局标签值统计 ===
共发现 507 个不同的标签值
标签值	出现文件数
0.0	103
1.0	69
2.0	72
3.0	72
4.0	74
5.0	74
6.0	76
7.0	77
8.0	77
9.0	78
10.0	77
11.0	75
12.0	75
13.0	76
14.0	75
15.0	72
16.0	75
17.0	73
18.0	70
19.0	73
20.0	69
21.0	76
22.0	69
23.0	72
24.0	70
25.0	70
26.0	67
27.0	58
28.0	51
29.0	31
30.0	23
31.0	17
32.0	13
33.0	11
34.0	9
35.0	7
36.0	5
37.0	7
38.0	3
39.0	3
40.0	4
41.0	2
42.0	1
43.0	2
44.0	2
45.0	2
46.0	3
47.0	3
48.0	3
49.0	2
50.0	1
51.0	2
52.0	1
53.0	1
54.0	1
55.0	1
56.0	1
57.0	1
355.0	1
356.0	1
357.0	1
358.0	1
359.0	1
360.0	1
361.0	1
362.0	1
363.0	1
364.0	1
365.0	1
366.0	1
367.0	1
368.0	1
369.0	1
370.0	1
371.0	1
372.0	1
373.0	1
374.0	1
375.0	1
376.0	1
377.0	1
378.0	1
379.0	1
380.0	1
381.0	1
382.0	1
383.0	1
384.0	1
385.0	1
386.0	1
387.0	1
388.0	1
389.0	1
390.0	1
391.0	1
392.0	1
3168.0	1
3169.0	1
3170.0	1
3171.0	1
3173.0	1
3174.0	1
3175.0	1
3176.0	1
3177.0	1
3178.0	1
3179.0	1
3180.0	1
3802.0	1
3804.0	1
3806.0	1
3807.0	1
3808.0	1
3809.0	1
3810.0	1
3811.0	1
3812.0	1
3813.0	1
3814.0	1
3846.0	1
3847.0	1
3848.0	1
3849.0	1
3850.0	1
3851.0	1
3852.0	1
3853.0	1
3854.0	1
3855.0	1
3856.0	1
3874.0	1
3875.0	1
3876.0	1
3877.0	1
3878.0	1
3879.0	1
3880.0	1
3881.0	1
3882.0	1
3883.0	1
3884.0	1
3885.0	1
3886.0	1
3887.0	1
4511.0	1
4512.0	1
4513.0	1
4514.0	1
4515.0	1
4516.0	1
4517.0	1
4518.0	1
4519.0	1
4520.0	1
4521.0	1
4522.0	1
4523.0	1
4524.0	1
4525.0	1
4526.0	1
4527.0	1
4528.0	1
4529.0	1
4602.0	1
4603.0	1
4604.0	1
4605.0	1
4606.0	1
4607.0	1
4608.0	1
4609.0	1
4610.0	1
4611.0	1
4612.0	1
4613.0	1
4614.0	1
4615.0	1
4616.0	1
4617.0	1
4618.0	1
4619.0	1
4620.0	1
4621.0	1
4622.0	1
4623.0	1
4624.0	1
4625.0	1
4626.0	1
4627.0	1
4628.0	1
4785.0	1
4786.0	1
4787.0	1
4788.0	1
4789.0	1
4790.0	1
4791.0	1
4792.0	1
4793.0	1
4794.0	1
4795.0	1
4796.0	1
4797.0	1
4798.0	1
4799.0	1
4800.0	1
4801.0	1
4802.0	1
4803.0	1
4804.0	1
4805.0	1
4806.0	1
4807.0	1
4808.0	1
4809.0	1
4810.0	1
4811.0	1
4812.0	1
4813.0	1
4814.0	1
4815.0	1
4816.0	1
5106.0	1
5107.0	1
5108.0	1
5109.0	1
5110.0	1
5111.0	1
5112.0	1
5113.0	1
5114.0	1
5115.0	1
5116.0	1
5117.0	1
5118.0	1
5119.0	1
5324.0	1
5325.0	1
5326.0	1
5327.0	1
5328.0	1
5329.0	1
5330.0	1
5331.0	1
5332.0	1
5333.0	1
5334.0	1
5335.0	1
5336.0	1
5337.0	1
5338.0	1
5339.0	1
5340.0	1
5341.0	1
5342.0	1
5343.0	1
5344.0	1
5345.0	1
5346.0	1
5347.0	1
5348.0	1
5349.0	1
5350.0	1
5351.0	1
5352.0	1
5353.0	1
5354.0	1
5646.0	1
5647.0	1
5648.0	1
5649.0	2
5650.0	2
5651.0	2
5652.0	2
5653.0	2
5654.0	2
5655.0	2
5656.0	2
5657.0	2
5658.0	2
5659.0	2
5660.0	2
5661.0	2
5662.0	1
5663.0	1
5664.0	1
5665.0	1
5666.0	1
5667.0	1
7070.0	1
7071.0	1
7072.0	1
7073.0	1
7074.0	1
7075.0	1
7076.0	1
7077.0	1
7078.0	1
7079.0	1
7080.0	1
7081.0	1
7082.0	1
7083.0	1
8027.0	1
8028.0	1
8029.0	1
8030.0	1
8031.0	1
8032.0	1
8033.0	1
8034.0	1
8035.0	1
8036.0	1
8037.0	1
8038.0	1
8039.0	1
8040.0	1
8041.0	1
8042.0	1
8043.0	1
8044.0	1
8045.0	1
8046.0	1
8047.0	1
8048.0	1
8049.0	1
8050.0	1
8051.0	1
8052.0	1
8053.0	1
8054.0	1
8055.0	1
9948.0	1
9949.0	1
9950.0	1
9951.0	1
9952.0	1
9953.0	1
9954.0	1
9955.0	1
9956.0	1
9957.0	1
9958.0	1
9959.0	1
9960.0	1
9961.0	1
9962.0	1
9963.0	1
9964.0	1
9965.0	1
9966.0	1
9967.0	1
9968.0	1
9969.0	1
9970.0	1
9971.0	1
9972.0	1
9973.0	1
9974.0	1
9975.0	1
9976.0	1
10224.0	1
10225.0	1
10226.0	1
10227.0	1
10228.0	1
10229.0	1
10230.0	1
10231.0	1
10232.0	1
10233.0	1
10234.0	1
10235.0	1
10236.0	1
10237.0	1
10238.0	1
10239.0	1
12344.0	1
12346.0	1
12347.0	1
12348.0	1
12349.0	1
12350.0	1
12351.0	1
12352.0	1
12353.0	1
12354.0	1
12355.0	1
12356.0	1
13156.0	1
13157.0	1
13158.0	1
13159.0	1
13160.0	1
13161.0	1
13162.0	1
13164.0	1
13165.0	1
13166.0	1
13167.0	1
13434.0	1
13435.0	1
13436.0	1
13437.0	1
13438.0	1
13439.0	1
13440.0	1
13441.0	1
13442.0	1
13443.0	1
13444.0	1
13445.0	1
13446.0	1
13447.0	1
13448.0	1
13449.0	1
13450.0	1
13451.0	1
15869.0	1
15870.0	1
15871.0	1
15872.0	1
15873.0	1
15874.0	1
15875.0	1
15876.0	1
15877.0	1
15878.0	1
15879.0	1
15880.0	1
15881.0	1
15882.0	1
15883.0	1
15884.0	1
15885.0	1
17138.0	1
17139.0	1
17140.0	1
17141.0	1
17142.0	1
17143.0	1
17144.0	1
17145.0	1
17146.0	1
17147.0	1
17148.0	1
17149.0	1
17150.0	1
17151.0	1
17152.0	1
17153.0	1
17154.0	1
17155.0	1
17156.0	1
17157.0	1
17158.0	1
17159.0	1
17160.0	1
17161.0	1
17162.0	1
17163.0	1
17164.0	1
17165.0	1
17166.0	1
17167.0	1
17168.0	1
20095.0	1
20096.0	1
20097.0	1
20098.0	1
20099.0	1
20100.0	1
20101.0	1
20102.0	1
20103.0	1
20104.0	1
20105.0	1
20106.0	1
20107.0	1
20108.0	1
20109.0	1
20110.0	1
20111.0	1
20112.0	1
20113.0	1
20114.0	1
20115.0	1
20116.0	1
20117.0	1
20118.0	1
20119.0	1
20120.0	1
20121.0	1
20122.0	1
20123.0	1
20124.0	1
20273.0	1
20274.0	1
20275.0	1
20276.0	1
20277.0	1
20278.0	1
20279.0	1
20280.0	1
20281.0	1
20282.0	1
20283.0	1

=== 各文件标签值详情 ===
NPZ_0094.nii.gz: [0.0, 1.0, 2.0, 3.0, 4.0, 5.0, 6.0, 7.0, 8.0, 9.0, 10.0, 11.0, 12.0, 13.0, 14.0, 15.0, 16.0, 17.0, 18.0, 19.0, 20.0, 21.0, 22.0, 23.0, 24.0, 25.0, 26.0, 27.0, 28.0, 29.0]
NPZ_0095.nii.gz: [0.0, 1.0, 2.0, 3.0, 4.0, 5.0, 6.0, 7.0, 8.0, 9.0, 10.0, 11.0, 12.0, 13.0, 14.0, 15.0, 16.0, 17.0, 18.0, 19.0, 20.0, 21.0, 22.0, 23.0, 24.0, 25.0, 26.0, 27.0, 28.0, 29.0, 30.0, 31.0, 32.0]
NPZ_0096.nii.gz: [0.0, 1.0, 2.0, 3.0, 4.0, 5.0, 6.0, 7.0, 8.0, 9.0, 10.0, 11.0, 12.0, 13.0, 14.0, 15.0, 16.0, 17.0, 18.0, 19.0, 20.0, 21.0, 22.0, 23.0, 24.0, 25.0, 26.0, 27.0, 28.0, 29.0]
NPZ_0097.nii.gz: [0.0, 1.0, 2.0, 3.0, 4.0, 5.0, 6.0, 7.0, 8.0, 9.0, 10.0, 11.0, 12.0, 13.0, 14.0, 15.0, 16.0, 17.0, 18.0, 19.0, 20.0, 21.0, 22.0, 23.0, 24.0, 25.0, 26.0, 27.0]
NPZ_0098.nii.gz: [0.0, 3.0, 4.0, 5.0, 6.0, 7.0, 8.0, 9.0, 10.0, 12.0, 13.0, 14.0, 15.0, 16.0, 17.0, 19.0, 20.0, 21.0, 23.0, 24.0, 25.0, 26.0, 27.0, 28.0]
NPZ_0099.nii.gz: [0.0, 1.0, 2.0, 3.0, 4.0, 5.0, 6.0, 7.0, 8.0, 9.0, 10.0, 11.0, 12.0, 13.0, 14.0, 15.0, 16.0, 17.0, 18.0, 19.0, 20.0, 21.0, 22.0, 23.0, 24.0, 25.0, 26.0, 27.0]
NPZ_0100.nii.gz: [0.0, 1.0, 2.0, 3.0, 4.0, 5.0, 6.0, 7.0, 8.0, 9.0, 10.0, 11.0, 12.0, 13.0, 14.0, 15.0, 16.0, 17.0, 18.0, 19.0, 20.0, 21.0, 22.0, 23.0, 24.0, 25.0, 26.0, 27.0, 28.0, 29.0]
NPZ_0101.nii.gz: [0.0, 1.0, 2.0, 3.0, 4.0, 5.0, 6.0, 7.0, 8.0, 9.0, 10.0, 11.0, 12.0, 13.0, 14.0, 15.0, 16.0, 17.0, 18.0, 19.0, 20.0, 21.0, 22.0, 23.0, 24.0]
NPZ_0102.nii.gz: [0.0, 1.0, 2.0, 3.0, 4.0, 5.0, 6.0, 7.0, 8.0, 9.0, 10.0, 11.0, 12.0, 13.0, 14.0, 15.0, 16.0, 17.0, 18.0, 19.0, 20.0, 21.0, 22.0, 23.0, 24.0, 25.0, 26.0]
NPZ_0103.nii.gz: [0.0, 1.0, 2.0, 3.0, 4.0, 5.0, 6.0, 7.0, 8.0, 9.0, 10.0, 11.0, 12.0, 13.0, 14.0, 15.0, 16.0, 17.0, 18.0, 19.0, 20.0, 21.0, 22.0]
NPZ_0104.nii.gz: [0.0, 1.0, 2.0, 3.0, 4.0, 5.0, 6.0, 7.0, 8.0, 9.0, 10.0, 11.0, 12.0, 13.0, 14.0, 15.0, 16.0, 17.0, 18.0, 19.0, 20.0, 21.0, 22.0]
NPZ_0105.nii.gz: [0.0, 1.0, 2.0, 3.0, 4.0, 5.0, 6.0, 7.0, 8.0, 9.0, 10.0, 11.0, 12.0, 13.0, 14.0, 15.0, 16.0, 17.0, 18.0, 19.0, 20.0, 21.0, 22.0, 23.0, 24.0, 25.0, 26.0, 27.0]
NPZ_0106.nii.gz: [0.0, 1.0, 2.0, 3.0, 4.0, 5.0, 6.0, 7.0, 8.0, 9.0, 10.0, 11.0, 12.0, 13.0, 14.0, 15.0, 16.0, 17.0, 18.0, 19.0, 20.0, 21.0, 22.0, 23.0, 24.0, 25.0, 26.0, 27.0]
NPZ_0107.nii.gz: [0.0, 1.0, 2.0, 3.0, 4.0, 5.0, 6.0, 7.0, 8.0, 9.0, 10.0, 11.0, 12.0, 13.0, 14.0, 15.0, 16.0, 17.0, 18.0, 19.0, 20.0, 21.0, 22.0, 23.0, 24.0, 25.0, 26.0, 27.0, 28.0, 29.0]
NPZ_0108.nii.gz: [0.0, 1.0, 2.0, 3.0, 4.0, 5.0, 6.0, 7.0, 8.0, 9.0, 10.0, 11.0, 12.0, 13.0, 14.0, 15.0, 16.0, 17.0, 18.0, 19.0, 20.0, 21.0, 22.0, 23.0, 24.0, 25.0, 26.0, 27.0, 28.0]
NPZ_0109.nii.gz: [0.0, 3874.0, 3875.0, 3876.0, 3877.0, 3878.0, 3879.0, 3880.0, 3881.0, 3882.0, 3883.0, 3884.0, 3885.0, 3886.0, 3887.0]
NPZ_0110.nii.gz: [0.0, 22.0, 23.0, 24.0, 25.0, 26.0, 27.0, 28.0, 29.0, 30.0, 31.0, 32.0, 33.0, 34.0, 35.0, 36.0, 37.0, 38.0, 39.0, 40.0]
NPZ_0031.nii.gz: [0.0, 1.0, 2.0, 3.0, 4.0, 5.0, 6.0, 7.0, 8.0, 9.0, 10.0, 11.0, 12.0, 13.0, 14.0, 15.0, 16.0, 17.0, 18.0, 19.0, 20.0, 21.0, 22.0, 23.0, 24.0, 25.0, 26.0, 27.0, 28.0, 29.0]
NPZ_0032.nii.gz: [0.0, 1.0, 2.0, 3.0, 4.0, 5.0, 6.0, 7.0, 8.0, 9.0, 10.0, 11.0, 12.0, 13.0, 14.0, 15.0, 16.0, 17.0, 18.0, 19.0, 20.0, 21.0, 22.0, 23.0, 24.0, 25.0, 26.0]
NPZ_0033.nii.gz: [0.0, 1.0, 2.0, 3.0, 4.0, 5.0, 6.0, 7.0, 8.0, 9.0, 10.0, 11.0, 12.0, 13.0, 14.0, 15.0, 16.0, 17.0, 18.0, 19.0, 20.0, 21.0, 22.0, 23.0, 24.0, 25.0, 26.0, 27.0, 28.0]
NPZ_0034.nii.gz: [0.0, 1.0, 2.0, 3.0, 4.0, 5.0, 6.0, 7.0, 8.0, 9.0, 10.0, 11.0, 12.0, 13.0, 14.0, 15.0, 16.0, 17.0, 18.0, 19.0, 20.0, 21.0, 22.0, 23.0, 24.0, 25.0, 26.0, 27.0, 28.0, 29.0, 30.0]
NPZ_0035.nii.gz: [0.0, 1.0, 2.0, 3.0, 4.0, 5.0, 6.0, 7.0, 8.0, 9.0, 10.0, 11.0, 12.0, 13.0, 14.0, 15.0, 16.0, 17.0, 18.0, 19.0, 20.0, 21.0, 22.0, 23.0, 24.0, 25.0, 26.0, 27.0, 28.0, 29.0, 30.0, 31.0]
NPZ_0036.nii.gz: [0.0, 1.0, 2.0, 3.0, 4.0, 5.0, 6.0, 7.0, 8.0, 9.0, 10.0, 11.0, 12.0, 13.0, 14.0, 15.0, 16.0, 17.0, 18.0, 19.0, 20.0, 21.0, 22.0, 23.0, 24.0, 25.0, 26.0]
NPZ_0037.nii.gz: [0.0, 1.0, 2.0, 3.0, 4.0, 5.0, 6.0, 7.0, 8.0, 9.0, 10.0, 11.0, 12.0, 13.0, 14.0, 15.0, 16.0, 17.0, 18.0, 19.0, 20.0, 21.0, 22.0, 23.0, 24.0, 25.0, 26.0]
NPZ_0038.nii.gz: [0.0, 1.0, 2.0, 3.0, 4.0, 5.0, 6.0, 7.0, 8.0, 9.0, 10.0, 11.0, 12.0, 13.0, 14.0, 15.0, 16.0, 17.0, 18.0, 19.0, 20.0, 21.0, 22.0, 23.0, 24.0, 25.0]
NPZ_0040.nii.gz: [0.0, 1.0, 2.0, 3.0, 4.0, 5.0, 6.0, 7.0, 8.0, 9.0, 10.0, 11.0, 12.0, 13.0, 14.0, 15.0, 16.0, 17.0, 18.0, 19.0, 20.0, 21.0, 22.0, 23.0, 24.0, 25.0, 26.0, 27.0, 28.0, 29.0]
NPZ_0041.nii.gz: [0.0, 1.0, 2.0, 3.0, 4.0, 5.0, 6.0, 7.0, 8.0, 9.0, 10.0, 11.0, 12.0, 13.0, 14.0, 15.0, 16.0, 17.0, 18.0, 19.0, 20.0, 21.0, 22.0, 23.0, 24.0, 25.0, 26.0, 27.0, 28.0, 29.0, 30.0]
NPZ_0042.nii.gz: [0.0, 1.0, 2.0, 3.0, 4.0, 5.0, 6.0, 7.0, 8.0, 9.0, 10.0, 11.0, 12.0, 13.0, 14.0, 15.0, 16.0, 17.0, 18.0, 19.0, 20.0, 21.0, 22.0, 23.0, 24.0, 25.0, 26.0, 27.0, 28.0]
NPZ_0043.nii.gz: [0.0, 1.0, 2.0, 3.0, 4.0, 5.0, 6.0, 7.0, 8.0, 9.0, 10.0, 11.0, 12.0, 13.0, 14.0, 15.0, 16.0, 17.0, 18.0, 19.0, 20.0, 21.0, 22.0, 24.0, 25.0, 26.0, 27.0, 28.0, 29.0]
NPZ_0044.nii.gz: [0.0, 1.0, 2.0, 3.0, 4.0, 5.0, 6.0, 7.0, 8.0, 9.0, 10.0, 11.0, 12.0, 13.0, 14.0, 15.0, 16.0, 17.0, 18.0, 19.0, 20.0, 21.0, 22.0, 23.0, 24.0, 26.0, 27.0, 28.0, 29.0, 30.0, 31.0]
NPZ_0045.nii.gz: [0.0, 1.0, 2.0, 3.0, 4.0, 5.0, 6.0, 7.0, 8.0, 9.0, 10.0, 11.0, 12.0, 13.0, 14.0, 15.0, 16.0, 17.0, 18.0, 19.0, 20.0, 21.0, 22.0, 23.0, 24.0, 25.0]
NPZ_0046.nii.gz: [0.0, 1.0, 2.0, 3.0, 4.0, 5.0, 6.0, 7.0, 8.0, 9.0, 10.0, 11.0, 12.0, 13.0, 14.0, 15.0, 16.0, 17.0, 18.0, 19.0, 20.0, 21.0, 22.0, 23.0, 24.0, 25.0, 26.0, 27.0, 28.0]
NPZ_0047.nii.gz: [0.0, 1.0, 2.0, 3.0, 4.0, 5.0, 6.0, 7.0, 8.0, 9.0, 10.0, 11.0, 12.0, 13.0, 14.0, 15.0, 16.0, 17.0, 18.0, 19.0, 20.0, 21.0, 22.0, 23.0, 24.0, 25.0, 26.0]
NPZ_0048.nii.gz: [0.0, 1.0, 2.0, 3.0, 4.0, 5.0, 6.0, 7.0, 8.0, 9.0, 10.0, 11.0, 12.0, 13.0, 14.0, 15.0, 16.0, 17.0, 18.0, 19.0, 20.0, 21.0, 22.0, 23.0, 24.0, 25.0, 26.0, 27.0, 28.0, 29.0, 30.0]
NPZ_0049.nii.gz: [0.0, 1.0, 2.0, 3.0, 4.0, 5.0, 6.0, 7.0, 8.0, 9.0, 10.0, 11.0, 12.0, 13.0, 14.0, 15.0, 16.0, 17.0, 18.0, 19.0, 20.0, 21.0, 22.0, 23.0, 24.0, 25.0, 26.0, 27.0, 28.0, 29.0]
NPZ_0050.nii.gz: [0.0, 1.0, 2.0, 3.0, 4.0, 5.0, 6.0, 7.0, 8.0, 9.0, 10.0, 11.0, 12.0, 13.0, 14.0, 15.0, 16.0, 17.0, 18.0, 19.0, 20.0, 21.0, 22.0, 23.0, 24.0, 25.0, 26.0, 27.0, 28.0]
NPZ_0051.nii.gz: [0.0, 1.0, 2.0, 3.0, 5.0, 6.0, 7.0, 9.0, 10.0, 11.0, 12.0, 14.0, 15.0, 16.0, 17.0, 18.0, 21.0, 22.0, 23.0, 24.0, 25.0, 26.0, 27.0, 28.0, 29.0, 30.0, 31.0, 32.0, 33.0, 34.0]
NPZ_0052.nii.gz: [0.0, 1.0, 2.0, 3.0, 4.0, 5.0, 6.0, 7.0, 8.0, 9.0, 10.0, 11.0, 12.0, 13.0, 14.0, 15.0, 16.0, 17.0, 18.0, 19.0, 20.0, 21.0, 22.0, 23.0, 24.0, 25.0, 26.0, 27.0]
NPZ_0053.nii.gz: [0.0, 4.0, 5.0, 6.0, 7.0, 8.0, 9.0, 11.0, 13.0, 16.0, 17.0, 20.0, 21.0, 23.0, 25.0, 26.0, 28.0, 30.0, 31.0, 32.0, 33.0, 36.0, 37.0, 40.0, 43.0, 46.0, 47.0, 51.0]
NPZ_0054.nii.gz: [0.0, 1.0, 2.0, 3.0, 4.0, 5.0, 6.0, 7.0, 8.0, 9.0, 10.0, 11.0, 12.0, 13.0, 14.0, 15.0, 16.0, 17.0, 18.0, 19.0, 20.0, 21.0, 22.0, 23.0, 24.0, 25.0, 26.0, 27.0, 28.0]
NPZ_0055.nii.gz: [0.0, 1.0, 2.0, 3.0, 4.0, 5.0, 6.0, 7.0, 8.0, 9.0, 10.0, 11.0, 12.0, 13.0, 14.0, 15.0, 16.0, 17.0, 18.0, 19.0, 20.0, 21.0, 22.0, 23.0, 24.0, 25.0, 26.0, 27.0, 28.0, 29.0, 30.0, 31.0]
NPZ_0056.nii.gz: [0.0, 2.0, 3.0, 4.0, 5.0, 6.0, 7.0, 8.0, 9.0, 10.0, 11.0, 12.0, 13.0, 14.0, 16.0, 17.0, 19.0, 21.0, 22.0, 23.0, 24.0, 25.0, 26.0, 27.0, 28.0, 29.0, 30.0, 31.0, 32.0, 33.0, 34.0]
NPZ_0058.nii.gz: [0.0, 1.0, 2.0, 3.0, 4.0, 5.0, 6.0, 7.0, 8.0, 9.0, 10.0, 11.0, 12.0, 13.0, 14.0, 15.0, 16.0, 17.0, 18.0, 19.0, 20.0, 21.0, 22.0, 23.0, 24.0, 25.0, 26.0, 27.0, 28.0, 29.0, 30.0, 31.0]
NPZ_0059.nii.gz: [0.0, 1.0, 2.0, 3.0, 4.0, 5.0, 6.0, 7.0, 8.0, 9.0, 10.0, 11.0, 12.0, 13.0, 14.0, 15.0, 16.0, 17.0, 18.0, 19.0, 20.0, 21.0, 22.0, 23.0, 24.0, 25.0, 26.0, 27.0, 28.0]
NPZ_0060.nii.gz: [0.0, 1.0, 2.0, 3.0, 4.0, 5.0, 6.0, 7.0, 8.0, 9.0, 10.0, 11.0, 12.0, 13.0, 14.0, 15.0, 16.0, 17.0, 18.0, 19.0, 20.0, 21.0, 22.0, 23.0, 24.0, 25.0, 26.0, 27.0, 28.0]
NPZ_0061.nii.gz: [0.0, 1.0, 2.0, 3.0, 4.0, 5.0, 6.0, 7.0, 8.0, 9.0, 10.0, 11.0, 12.0, 13.0, 14.0, 15.0, 16.0, 17.0, 18.0]
NPZ_0062.nii.gz: [0.0, 1.0, 2.0, 3.0, 4.0, 5.0, 6.0, 7.0, 8.0, 9.0, 10.0, 11.0, 12.0, 13.0, 14.0, 15.0, 16.0, 17.0, 18.0, 19.0, 20.0, 21.0, 22.0, 23.0, 24.0, 25.0, 26.0, 27.0, 28.0]
NPZ_0063.nii.gz: [0.0, 1.0, 2.0, 3.0, 4.0, 5.0, 6.0, 7.0, 8.0, 9.0, 10.0, 11.0, 12.0, 13.0, 14.0, 15.0, 16.0, 17.0, 18.0, 19.0, 20.0, 21.0, 22.0, 23.0, 24.0, 25.0, 26.0, 27.0, 28.0]
NPZ_0064.nii.gz: [0.0, 1.0, 2.0, 3.0, 4.0, 5.0, 6.0, 7.0, 8.0, 9.0, 10.0, 11.0, 12.0, 13.0, 14.0, 15.0, 16.0, 17.0, 18.0, 19.0, 20.0, 21.0, 22.0, 23.0, 24.0, 25.0, 26.0]
NPZ_0065.nii.gz: [0.0, 1.0, 2.0, 3.0, 4.0, 5.0, 6.0, 7.0, 9.0, 10.0, 11.0, 13.0, 14.0, 15.0, 16.0, 17.0, 18.0, 19.0, 20.0, 21.0, 22.0, 24.0, 26.0, 27.0, 28.0, 29.0, 30.0, 31.0, 32.0, 33.0, 34.0, 35.0]
NPZ_0066.nii.gz: [0.0, 1.0, 2.0, 3.0, 4.0, 6.0, 7.0, 8.0, 9.0, 10.0, 11.0, 12.0, 14.0, 16.0, 17.0, 18.0, 19.0, 20.0, 21.0, 22.0, 23.0, 24.0, 25.0, 26.0, 27.0, 28.0, 29.0, 30.0]
NPZ_0067.nii.gz: [0.0, 1.0, 2.0, 3.0, 4.0, 5.0, 6.0, 8.0, 10.0, 11.0, 12.0, 13.0, 14.0, 18.0, 19.0, 20.0, 21.0, 22.0, 23.0, 24.0, 25.0, 26.0, 27.0, 28.0, 29.0, 30.0, 31.0, 32.0, 33.0]
NPZ_0068.nii.gz: [0.0, 1.0, 2.0, 3.0, 4.0, 5.0, 6.0, 7.0, 8.0, 9.0, 10.0, 11.0, 12.0, 13.0, 14.0, 15.0, 16.0, 17.0, 18.0, 19.0, 20.0, 21.0, 22.0, 23.0, 24.0, 25.0, 26.0, 27.0]
NPZ_0069.nii.gz: [0.0, 1.0, 2.0, 3.0, 4.0, 5.0, 6.0, 7.0, 8.0, 9.0, 10.0, 11.0, 12.0, 13.0, 14.0, 15.0, 16.0, 17.0, 18.0, 19.0, 20.0, 21.0, 22.0, 23.0, 24.0, 25.0, 26.0, 27.0, 28.0]
NPZ_0070.nii.gz: [0.0, 1.0, 2.0, 3.0, 4.0, 5.0, 6.0, 7.0, 8.0, 9.0, 10.0, 11.0, 12.0, 13.0, 14.0, 15.0, 16.0, 17.0, 18.0, 19.0, 20.0, 21.0, 22.0, 23.0, 24.0, 25.0, 26.0, 27.0]
NPZ_0071.nii.gz: [0.0, 1.0, 2.0, 3.0, 4.0, 5.0, 6.0, 7.0, 8.0, 9.0, 10.0, 11.0, 12.0, 13.0, 14.0, 15.0, 16.0, 17.0, 18.0, 19.0, 20.0, 21.0, 22.0, 23.0, 24.0, 25.0, 26.0]
NPZ_0072.nii.gz: [0.0, 1.0, 2.0, 3.0, 4.0, 5.0, 6.0, 7.0, 8.0, 9.0, 10.0, 11.0, 12.0, 13.0, 14.0, 15.0, 16.0, 17.0, 18.0, 19.0, 20.0, 21.0, 22.0, 23.0, 24.0, 25.0, 26.0, 27.0, 28.0]
NPZ_0073.nii.gz: [0.0, 1.0, 2.0, 3.0, 4.0, 5.0, 6.0, 7.0, 8.0, 9.0, 10.0, 11.0, 12.0, 13.0, 14.0, 15.0, 16.0, 17.0, 18.0, 19.0, 20.0, 21.0, 22.0, 23.0]
NPZ_0074.nii.gz: [0.0, 1.0, 2.0, 3.0, 4.0, 5.0, 6.0, 7.0, 8.0, 9.0, 10.0, 11.0, 12.0, 13.0, 14.0, 15.0, 16.0, 17.0, 18.0, 19.0, 20.0, 21.0, 22.0, 23.0, 24.0, 25.0]
NPZ_0039.nii.gz: [0.0, 2.0, 3.0, 4.0, 5.0, 6.0, 7.0, 8.0, 9.0, 10.0, 11.0, 13.0, 15.0, 16.0, 17.0, 21.0, 22.0, 23.0, 25.0, 27.0, 28.0, 29.0, 30.0, 31.0, 32.0, 33.0, 34.0, 35.0, 36.0]
NPZ_0057.nii.gz: [0.0, 2.0, 4.0, 5.0, 6.0, 7.0, 8.0, 9.0, 10.0, 12.0, 13.0, 14.0, 15.0, 16.0, 17.0, 19.0, 20.0, 21.0, 22.0, 24.0, 25.0, 26.0, 27.0, 28.0, 29.0, 30.0, 31.0, 32.0]
NPZ_0075.nii.gz: [0.0, 2.0, 3.0, 4.0, 5.0, 6.0, 8.0, 10.0, 11.0, 12.0, 13.0, 14.0, 18.0, 19.0, 20.0, 21.0, 23.0, 24.0, 25.0, 26.0, 27.0, 28.0, 29.0, 30.0, 31.0, 32.0, 33.0, 35.0, 37.0]
NPZ_0093.nii.gz: [0.0, 4.0, 5.0, 6.0, 7.0, 8.0, 9.0, 10.0, 12.0, 13.0, 15.0, 16.0, 17.0, 19.0, 20.0, 24.0, 25.0, 26.0, 27.0, 28.0, 30.0, 32.0, 33.0, 34.0, 35.0, 36.0, 37.0, 38.0, 48.0, 49.0]
NPZ_0111.nii.gz: [0.0, 10224.0, 10225.0, 10226.0, 10227.0, 10228.0, 10229.0, 10230.0, 10231.0, 10232.0, 10233.0, 10234.0, 10235.0, 10236.0, 10237.0, 10238.0, 10239.0]
NPZ_0076.nii.gz: [0.0, 1.0, 2.0, 3.0, 4.0, 5.0, 6.0, 7.0, 8.0, 9.0, 10.0, 11.0, 12.0, 13.0, 14.0, 15.0, 16.0, 17.0, 18.0, 19.0, 20.0, 21.0, 22.0, 23.0, 24.0, 25.0, 26.0, 27.0, 28.0]
NPZ_0077.nii.gz: [0.0, 1.0, 2.0, 3.0, 4.0, 5.0, 6.0, 7.0, 8.0, 9.0, 10.0, 11.0, 12.0, 13.0, 14.0, 15.0, 16.0, 17.0, 18.0, 19.0, 20.0, 21.0, 22.0, 23.0, 24.0, 25.0, 26.0, 27.0, 28.0]
NPZ_0078.nii.gz: [0.0, 1.0, 2.0, 3.0, 4.0, 5.0, 6.0, 7.0, 8.0, 9.0, 10.0, 11.0, 12.0, 13.0, 14.0, 15.0, 16.0, 17.0, 18.0, 19.0, 20.0, 21.0, 22.0, 23.0, 24.0, 25.0, 26.0, 27.0, 28.0]
NPZ_0079.nii.gz: [0.0, 1.0, 2.0, 3.0, 4.0, 5.0, 6.0, 7.0, 8.0, 9.0, 10.0, 11.0, 12.0, 13.0, 14.0, 15.0, 16.0, 18.0, 19.0, 20.0, 21.0, 22.0, 23.0, 24.0, 25.0, 26.0]
NPZ_0080.nii.gz: [0.0, 1.0, 2.0, 3.0, 4.0, 5.0, 6.0, 7.0, 8.0, 9.0, 10.0, 11.0, 12.0, 13.0, 14.0, 15.0, 16.0, 17.0, 18.0, 19.0, 21.0, 23.0, 25.0, 27.0, 28.0, 29.0]
NPZ_0081.nii.gz: [0.0, 1.0, 2.0, 3.0, 4.0, 5.0, 6.0, 7.0, 8.0, 9.0, 10.0, 11.0, 12.0, 13.0, 14.0, 15.0, 16.0, 17.0, 18.0, 19.0, 20.0, 21.0, 22.0, 23.0, 25.0, 26.0]
NPZ_0082.nii.gz: [0.0, 1.0, 2.0, 3.0, 4.0, 5.0, 6.0, 7.0, 8.0, 9.0, 10.0, 11.0, 12.0, 13.0, 14.0, 15.0, 16.0, 19.0, 20.0, 21.0, 22.0, 23.0, 24.0, 25.0, 26.0, 27.0]
NPZ_0083.nii.gz: [0.0, 1.0, 2.0, 3.0, 4.0, 5.0, 6.0, 7.0, 8.0, 9.0, 10.0, 11.0, 12.0, 13.0, 14.0, 15.0, 16.0, 17.0, 18.0, 19.0, 20.0, 21.0, 22.0, 23.0, 25.0, 26.0]
NPZ_0084.nii.gz: [0.0, 1.0, 2.0, 3.0, 4.0, 5.0, 6.0, 7.0, 8.0, 9.0, 10.0, 11.0, 12.0, 13.0, 14.0, 15.0, 16.0, 17.0, 18.0, 19.0, 20.0, 21.0, 22.0, 23.0, 24.0, 25.0]
NPZ_0085.nii.gz: [0.0, 1.0, 2.0, 3.0, 4.0, 5.0, 6.0, 7.0, 8.0, 9.0, 10.0, 11.0, 12.0, 13.0, 14.0, 15.0, 16.0, 17.0, 18.0, 19.0, 21.0, 23.0, 24.0, 25.0, 26.0, 27.0, 28.0, 29.0]
NPZ_0086.nii.gz: [0.0, 1.0, 2.0, 3.0, 4.0, 5.0, 6.0, 7.0, 8.0, 9.0, 10.0, 11.0, 12.0, 13.0, 14.0, 15.0, 16.0, 17.0, 18.0, 19.0, 21.0, 23.0, 24.0, 25.0, 26.0, 27.0, 28.0, 29.0]
NPZ_0087.nii.gz: [0.0, 1.0, 2.0, 3.0, 4.0, 5.0, 6.0, 7.0, 8.0, 9.0, 10.0, 11.0, 12.0, 13.0, 14.0, 15.0, 16.0, 17.0, 18.0, 19.0, 20.0, 21.0, 22.0, 23.0, 24.0, 25.0, 26.0, 27.0, 28.0, 29.0, 30.0]
NPZ_0088.nii.gz: [0.0, 1.0, 10.0, 11.0, 12.0, 13.0, 14.0, 15.0, 16.0, 17.0, 19.0, 21.0, 23.0, 24.0, 26.0, 28.0, 29.0, 30.0, 31.0, 33.0, 34.0, 37.0, 38.0, 39.0, 40.0, 41.0, 44.0, 45.0, 46.0, 47.0, 48.0]
NPZ_0089.nii.gz: [0.0, 7.0, 8.0, 9.0, 10.0, 11.0, 12.0, 13.0, 14.0, 15.0, 17.0, 18.0, 21.0, 22.0, 23.0, 24.0, 26.0, 27.0, 30.0, 31.0, 32.0, 33.0, 34.0, 35.0, 37.0, 39.0, 40.0, 41.0]
NPZ_0090.nii.gz: [0.0, 6.0, 7.0, 8.0, 9.0, 10.0, 11.0, 12.0, 13.0, 14.0, 16.0, 18.0, 19.0, 20.0, 21.0, 23.0, 24.0, 25.0, 27.0, 28.0, 29.0, 30.0, 31.0, 32.0, 34.0, 35.0, 36.0, 37.0]
NPZ_0091.nii.gz: [0.0, 1.0, 2.0, 3.0, 4.0, 5.0, 6.0, 7.0, 8.0, 9.0, 10.0, 11.0, 12.0, 13.0, 14.0, 15.0, 16.0, 17.0, 18.0, 19.0, 20.0, 21.0, 22.0, 23.0, 24.0, 25.0, 26.0, 27.0, 28.0]
NPZ_0092.nii.gz: [0.0, 1.0, 2.0, 3.0, 4.0, 5.0, 6.0, 7.0, 8.0, 9.0, 10.0, 11.0, 12.0, 13.0, 14.0, 15.0, 16.0, 17.0, 18.0, 19.0, 20.0, 21.0, 22.0, 23.0, 24.0, 25.0, 26.0, 27.0, 28.0]
NPZ_0112.nii.gz: [0.0, 4785.0, 4786.0, 4787.0, 4788.0, 4789.0, 4790.0, 4791.0, 4792.0, 4793.0, 4794.0, 4795.0, 4796.0, 4797.0, 4798.0, 4799.0, 4800.0, 4801.0, 4802.0, 4803.0, 4804.0, 4805.0, 4806.0, 4807.0, 4808.0, 4809.0, 4810.0, 4811.0, 4812.0, 4813.0, 4814.0, 4815.0, 4816.0]
NPZ_0113.nii.gz: [0.0, 5324.0, 5325.0, 5326.0, 5327.0, 5328.0, 5329.0, 5330.0, 5331.0, 5332.0, 5333.0, 5334.0, 5335.0, 5336.0, 5337.0, 5338.0, 5339.0, 5340.0, 5341.0, 5342.0, 5343.0, 5344.0, 5345.0, 5346.0, 5347.0, 5348.0, 5349.0, 5350.0, 5351.0, 5352.0, 5353.0, 5354.0]
NPZ_0114.nii.gz: [0.0, 20095.0, 20096.0, 20097.0, 20098.0, 20099.0, 20100.0, 20101.0, 20102.0, 20103.0, 20104.0, 20105.0, 20106.0, 20107.0, 20108.0, 20109.0, 20110.0, 20111.0, 20112.0, 20113.0, 20114.0, 20115.0, 20116.0, 20117.0, 20118.0, 20119.0, 20120.0, 20121.0, 20122.0, 20123.0, 20124.0]
NPZ_0115.nii.gz: [0.0, 42.0, 43.0, 44.0, 45.0, 46.0, 47.0, 48.0, 49.0, 50.0, 51.0, 52.0, 53.0, 54.0, 55.0, 56.0, 57.0]
NPZ_0116.nii.gz: [0.0, 3846.0, 3847.0, 3848.0, 3849.0, 3850.0, 3851.0, 3852.0, 3853.0, 3854.0, 3855.0, 3856.0]
NPZ_0117.nii.gz: [0.0, 4511.0, 4512.0, 4513.0, 4514.0, 4515.0, 4516.0, 4517.0, 4518.0, 4519.0, 4520.0, 4521.0, 4522.0, 4523.0, 4524.0, 4525.0, 4526.0, 4527.0, 4528.0, 4529.0]
NPZ_0118.nii.gz: [0.0, 5106.0, 5107.0, 5108.0, 5109.0, 5110.0, 5111.0, 5112.0, 5113.0, 5114.0, 5115.0, 5116.0, 5117.0, 5118.0, 5119.0]
NPZ_0119.nii.gz: [0.0, 13434.0, 13435.0, 13436.0, 13437.0, 13438.0, 13439.0, 13440.0, 13441.0, 13442.0, 13443.0, 13444.0, 13445.0, 13446.0, 13447.0, 13448.0, 13449.0, 13450.0, 13451.0]
NPZ_0120.nii.gz: [0.0, 4602.0, 4603.0, 4604.0, 4605.0, 4606.0, 4607.0, 4608.0, 4609.0, 4610.0, 4611.0, 4612.0, 4613.0, 4614.0, 4615.0, 4616.0, 4617.0, 4618.0, 4619.0, 4620.0, 4621.0, 4622.0, 4623.0, 4624.0, 4625.0, 4626.0, 4627.0, 4628.0]
NPZ_0121.nii.gz: [0.0, 9948.0, 9949.0, 9950.0, 9951.0, 9952.0, 9953.0, 9954.0, 9955.0, 9956.0, 9957.0, 9958.0, 9959.0, 9960.0, 9961.0, 9962.0, 9963.0, 9964.0, 9965.0, 9966.0, 9967.0, 9968.0, 9969.0, 9970.0, 9971.0, 9972.0, 9973.0, 9974.0, 9975.0, 9976.0]
NPZ_0122.nii.gz: [0.0, 7070.0, 7071.0, 7072.0, 7073.0, 7074.0, 7075.0, 7076.0, 7077.0, 7078.0, 7079.0, 7080.0, 7081.0, 7082.0, 7083.0]
NPZ_0123.nii.gz: [0.0, 9.0, 20273.0, 20274.0, 20275.0, 20276.0, 20277.0, 20278.0, 20279.0, 20280.0, 20281.0, 20282.0, 20283.0]
NPZ_0124.nii.gz: [0.0, 12344.0, 12346.0, 12347.0, 12348.0, 12349.0, 12350.0, 12351.0, 12352.0, 12353.0, 12354.0, 12355.0, 12356.0]
NPZ_0125.nii.gz: [0.0, 13156.0, 13157.0, 13158.0, 13159.0, 13160.0, 13161.0, 13162.0, 13164.0, 13165.0, 13166.0, 13167.0]
NPZ_0126.nii.gz: [0.0, 5646.0, 5647.0, 5648.0, 5649.0, 5650.0, 5651.0, 5652.0, 5653.0, 5654.0, 5655.0, 5656.0, 5657.0, 5658.0, 5659.0, 5660.0, 5661.0]
NPZ_0127.nii.gz: [0.0, 17138.0, 17139.0, 17140.0, 17141.0, 17142.0, 17143.0, 17144.0, 17145.0, 17146.0, 17147.0, 17148.0, 17149.0, 17150.0, 17151.0, 17152.0, 17153.0, 17154.0, 17155.0, 17156.0, 17157.0, 17158.0, 17159.0, 17160.0, 17161.0, 17162.0, 17163.0, 17164.0, 17165.0, 17166.0, 17167.0, 17168.0]
NPZ_0128.nii.gz: [0.0, 3802.0, 3804.0, 3806.0, 3807.0, 3808.0, 3809.0, 3810.0, 3811.0, 3812.0, 3813.0, 3814.0]
NPZ_0129.nii.gz: [0.0, 5649.0, 5650.0, 5651.0, 5652.0, 5653.0, 5654.0, 5655.0, 5656.0, 5657.0, 5658.0, 5659.0, 5660.0, 5661.0, 5662.0, 5663.0, 5664.0, 5665.0, 5666.0, 5667.0]
NPZ_0130.nii.gz: [0.0, 7.0, 8.0, 9.0, 355.0, 356.0, 357.0, 358.0, 359.0, 360.0, 361.0, 362.0, 363.0, 364.0, 365.0, 366.0, 367.0, 368.0, 369.0, 370.0, 371.0, 372.0, 373.0, 374.0, 375.0, 376.0, 377.0, 378.0, 379.0, 380.0, 381.0, 382.0, 383.0, 384.0, 385.0, 386.0, 387.0, 388.0, 389.0, 390.0, 391.0, 392.0]
NPZ_0131.nii.gz: [0.0, 15869.0, 15870.0, 15871.0, 15872.0, 15873.0, 15874.0, 15875.0, 15876.0, 15877.0, 15878.0, 15879.0, 15880.0, 15881.0, 15882.0, 15883.0, 15884.0, 15885.0]
NPZ_0132.nii.gz: [0.0, 7.0, 8.0, 9.0, 8027.0, 8028.0, 8029.0, 8030.0, 8031.0, 8032.0, 8033.0, 8034.0, 8035.0, 8036.0, 8037.0, 8038.0, 8039.0, 8040.0, 8041.0, 8042.0, 8043.0, 8044.0, 8045.0, 8046.0, 8047.0, 8048.0, 8049.0, 8050.0, 8051.0, 8052.0, 8053.0, 8054.0, 8055.0]
NPZ_0133.nii.gz: [0.0, 3168.0, 3169.0, 3170.0, 3171.0, 3173.0, 3174.0, 3175.0, 3176.0, 3177.0, 3178.0, 3179.0, 3180.0]
